<svg version="1.1" xmlns="http://www.w3.org/2000/svg" viewBox="0 0 460 252" class="excalidraw-svg">
  <!-- svg-source:excalidraw -->
  
  <defs>
    <style class="style-fonts">
      @font-face {
        font-family: "Virgil";
        src: url("https://excalidraw.com/Virgil.woff2");
      }
      @font-face {
        font-family: "Cascadia";
        src: url("https://excalidraw.com/Cascadia.woff2");
      }
      @font-face {
        font-family: "Assistant";
        src: url("https://excalidraw.com/Assistant-Regular.woff2");
      }
    </style>
    
  </defs>
  <rect x="0" y="0" width="460" height="252" fill="#ffffff"/><g transform="translate(10 130) rotate(0 52.5 -4.5)" stroke="none"><path fill="#1e1e1e" d="M -0.48,-4.02 Q -0.48,-4.02 9.02,-4.98 18.53,-5.94 28.84,-7.43 39.16,-8.92 50.87,-9.82 62.59,-10.71 70.45,-11.06 78.30,-11.40 83.95,-11.53 89.60,-11.65 92.86,-11.88 96.12,-12.11 100.30,-12.44 104.49,-12.77 105.09,-12.67 105.69,-12.58 106.24,-12.30 106.78,-12.01 107.20,-11.57 107.62,-11.13 107.88,-10.58 108.14,-10.03 108.22,-9.42 108.29,-8.82 108.16,-8.22 108.03,-7.62 107.72,-7.10 107.41,-6.57 106.95,-6.17 106.49,-5.77 105.92,-5.54 105.35,-5.31 104.75,-5.27 104.14,-5.24 103.55,-5.40 102.96,-5.55 102.45,-5.89 101.94,-6.23 101.57,-6.72 101.19,-7.20 101.00,-7.78 100.80,-8.35 100.79,-8.96 100.79,-9.57 100.98,-10.15 101.17,-10.73 101.53,-11.22 101.90,-11.71 102.40,-12.06 102.91,-12.40 103.49,-12.57 104.08,-12.74 104.69,-12.71 105.30,-12.68 105.87,-12.46 106.44,-12.24 106.91,-11.85 107.37,-11.46 107.69,-10.94 108.01,-10.41 108.15,-9.82 108.28,-9.22 108.22,-8.62 108.16,-8.01 107.91,-7.45 107.66,-6.90 107.24,-6.45 106.82,-6.00 106.28,-5.71 105.75,-5.42 105.15,-5.32 104.54,-5.22 104.54,-5.22 104.54,-5.22 100.41,-5.44 96.27,-5.65 93.03,-5.73 89.79,-5.81 84.21,-5.58 78.63,-5.35 70.88,-4.86 63.13,-4.37 51.67,-3.30 40.21,-2.22 29.81,-0.44 19.41,1.34 9.95,2.68 0.48,4.02 -0.00,4.02 -0.48,4.02 -0.96,3.90 -1.43,3.79 -1.87,3.56 -2.30,3.33 -2.66,3.01 -3.03,2.68 -3.31,2.28 -3.59,1.88 -3.76,1.42 -3.93,0.96 -3.99,0.48 -4.05,-0.00 -3.99,-0.48 -3.93,-0.97 -3.76,-1.42 -3.58,-1.88 -3.31,-2.28 -3.03,-2.68 -2.66,-3.01 -2.30,-3.33 -1.86,-3.56 -1.43,-3.79 -0.96,-3.90 -0.48,-4.02 -0.48,-4.02 L -0.48,-4.02 Z"/></g><g transform="translate(14 181) rotate(0 34 25)" stroke="none"><path fill="#1e1e1e" d="M 3.64,-2.34 Q 3.64,-2.34 6.04,1.80 8.44,5.94 11.59,10.19 14.75,14.44 18.70,19.82 22.66,25.19 25.20,28.98 27.74,32.77 29.51,34.72 31.29,36.68 33.00,38.65 34.72,40.63 36.50,42.27 38.27,43.91 40.02,45.32 41.77,46.73 43.24,48.36 44.71,49.99 46.33,51.83 47.95,53.67 49.14,50.33 50.32,46.98 51.33,44.58 52.33,42.19 53.03,39.99 53.72,37.80 54.67,35.08 55.61,32.36 55.92,29.19 56.22,26.02 56.18,23.36 56.14,20.71 56.02,18.47 55.90,16.23 55.77,13.99 55.64,11.75 56.25,8.69 56.86,5.64 57.53,2.20 58.19,-1.23 59.39,-3.99 60.58,-6.76 61.15,-10.45 61.71,-14.14 62.42,-15.03 63.13,-15.91 64.09,-16.52 65.05,-17.13 66.15,-17.40 67.26,-17.67 68.39,-17.58 69.52,-17.49 70.56,-17.03 71.61,-16.58 72.45,-15.82 73.30,-15.06 73.85,-14.07 74.41,-13.08 74.62,-11.97 74.83,-10.85 74.68,-9.72 74.52,-8.60 74.01,-7.58 73.51,-6.57 72.70,-5.76 71.90,-4.96 70.88,-4.46 69.86,-3.96 68.73,-3.81 67.61,-3.66 66.49,-3.87 65.38,-4.09 64.39,-4.65 63.40,-5.21 62.64,-6.06 61.89,-6.91 61.44,-7.95 61.00,-9.00 60.91,-10.13 60.82,-11.26 61.09,-12.36 61.37,-13.46 61.98,-14.42 62.60,-15.38 63.48,-16.09 64.37,-16.79 65.44,-17.18 66.51,-17.57 67.64,-17.60 68.78,-17.63 69.86,-17.29 70.95,-16.96 71.87,-16.29 72.79,-15.63 73.45,-14.70 74.11,-13.78 74.44,-12.69 74.77,-11.61 74.74,-10.47 74.71,-9.34 74.31,-8.27 73.92,-7.20 73.92,-7.21 73.92,-7.21 73.88,-6.22 73.85,-5.24 73.10,-2.71 72.35,-0.17 71.46,2.18 70.58,4.55 69.46,7.36 68.35,10.16 68.26,12.56 68.17,14.96 68.03,17.13 67.89,19.30 67.73,21.45 67.57,23.60 67.17,27.29 66.76,30.99 66.24,33.34 65.72,35.69 64.86,38.42 64.00,41.15 63.16,43.66 62.33,46.17 61.08,49.43 59.83,52.69 57.90,56.43 55.98,60.17 52.35,63.01 48.72,65.84 44.73,63.90 40.74,61.96 38.88,59.71 37.03,57.47 35.86,55.59 34.70,53.71 33.18,51.74 31.66,49.77 30.15,47.52 28.63,45.28 27.20,43.13 25.77,40.99 24.20,38.66 22.63,36.34 20.02,32.77 17.41,29.20 13.30,24.02 9.19,18.84 5.54,14.49 1.90,10.15 -0.87,6.24 -3.64,2.34 -3.87,1.87 -4.10,1.40 -4.21,0.89 -4.32,0.38 -4.30,-0.14 -4.28,-0.66 -4.14,-1.16 -4.00,-1.67 -3.74,-2.12 -3.48,-2.58 -3.12,-2.95 -2.76,-3.33 -2.32,-3.62 -1.88,-3.90 -1.39,-4.07 -0.89,-4.24 -0.37,-4.28 0.14,-4.33 0.65,-4.25 1.17,-4.17 1.65,-3.97 2.14,-3.77 2.56,-3.46 2.98,-3.15 3.31,-2.74 3.64,-2.34 3.64,-2.34 L 3.64,-2.34 Z"/></g><g transform="translate(168 142) rotate(0 36 -11)" stroke="none"><path fill="#1e1e1e" d="M -1.22,-3.87 Q -1.22,-3.87 4.29,-5.41 9.81,-6.95 17.33,-9.27 24.86,-11.59 34.45,-14.27 44.04,-16.96 49.75,-18.90 55.46,-20.84 59.19,-21.82 62.93,-22.79 66.66,-24.14 70.39,-25.50 71.00,-25.54 71.60,-25.58 72.20,-25.43 72.79,-25.27 73.30,-24.94 73.81,-24.60 74.19,-24.12 74.56,-23.64 74.77,-23.06 74.97,-22.49 74.98,-21.88 74.99,-21.26 74.80,-20.68 74.61,-20.10 74.25,-19.61 73.89,-19.12 73.39,-18.77 72.89,-18.42 72.30,-18.24 71.72,-18.07 71.11,-18.10 70.49,-18.12 69.92,-18.34 69.35,-18.56 68.88,-18.94 68.41,-19.33 68.09,-19.85 67.76,-20.37 67.62,-20.97 67.48,-21.56 67.54,-22.17 67.60,-22.78 67.85,-23.33 68.10,-23.89 68.51,-24.34 68.92,-24.79 69.46,-25.09 69.99,-25.38 70.60,-25.49 71.20,-25.60 71.80,-25.51 72.41,-25.42 72.95,-25.14 73.49,-24.86 73.92,-24.42 74.35,-23.98 74.61,-23.43 74.88,-22.88 74.95,-22.28 75.03,-21.67 74.90,-21.07 74.78,-20.47 74.47,-19.95 74.17,-19.42 73.71,-19.01 73.25,-18.61 72.68,-18.38 72.12,-18.14 72.12,-18.14 72.12,-18.14 70.54,-17.87 68.95,-17.59 66.68,-17.11 64.41,-16.63 60.95,-15.88 57.48,-15.12 51.65,-12.98 45.83,-10.84 36.40,-7.99 26.97,-5.14 19.50,-2.54 12.03,0.05 6.62,1.96 1.22,3.87 0.74,3.96 0.26,4.05 -0.22,4.02 -0.71,3.99 -1.18,3.85 -1.65,3.70 -2.07,3.45 -2.49,3.20 -2.83,2.86 -3.18,2.51 -3.44,2.09 -3.69,1.68 -3.84,1.21 -3.99,0.74 -4.02,0.25 -4.05,-0.22 -3.96,-0.71 -3.88,-1.19 -3.68,-1.64 -3.48,-2.08 -3.18,-2.47 -2.88,-2.86 -2.49,-3.16 -2.11,-3.46 -1.66,-3.66 -1.22,-3.87 -1.22,-3.87 L -1.22,-3.87 Z"/></g><g transform="translate(181 180) rotate(0 40 -6.5)" stroke="none"><path fill="#1e1e1e" d="M -1.02,-3.89 Q -1.02,-3.89 4.48,-5.15 9.99,-6.40 16.96,-8.03 23.93,-9.66 31.91,-10.92 39.89,-12.17 45.86,-12.95 51.82,-13.73 57.25,-14.33 62.68,-14.93 66.17,-15.34 69.66,-15.74 72.89,-16.29 76.12,-16.84 77.83,-16.92 79.55,-17.00 80.19,-16.91 80.83,-16.81 81.41,-16.51 81.99,-16.22 82.44,-15.75 82.90,-15.29 83.18,-14.70 83.46,-14.12 83.54,-13.47 83.62,-12.83 83.49,-12.19 83.36,-11.56 83.03,-11.00 82.70,-10.44 82.21,-10.01 81.73,-9.58 81.13,-9.33 80.53,-9.08 79.88,-9.04 79.23,-8.99 78.60,-9.16 77.97,-9.32 77.43,-9.68 76.89,-10.04 76.49,-10.55 76.09,-11.06 75.87,-11.67 75.66,-12.28 75.65,-12.93 75.64,-13.58 75.84,-14.20 76.03,-14.82 76.42,-15.34 76.81,-15.86 77.34,-16.24 77.87,-16.61 78.49,-16.79 79.12,-16.97 79.76,-16.95 80.41,-16.92 81.02,-16.69 81.63,-16.46 82.13,-16.04 82.63,-15.63 82.97,-15.08 83.31,-14.53 83.46,-13.90 83.61,-13.26 83.55,-12.62 83.49,-11.97 83.22,-11.38 82.96,-10.78 82.52,-10.31 82.08,-9.83 81.51,-9.52 80.94,-9.20 80.30,-9.09 79.66,-8.98 79.66,-8.98 79.67,-8.98 78.06,-8.99 76.46,-9.00 73.31,-9.22 70.16,-9.43 66.77,-9.29 63.38,-9.14 58.03,-8.44 52.68,-7.74 46.82,-6.83 40.95,-5.91 33.27,-4.51 25.59,-3.12 18.72,-1.23 11.85,0.65 6.44,2.27 1.02,3.89 0.54,3.96 0.06,4.02 -0.41,3.97 -0.90,3.92 -1.35,3.76 -1.81,3.59 -2.22,3.32 -2.62,3.05 -2.95,2.69 -3.27,2.34 -3.51,1.91 -3.74,1.48 -3.86,1.01 -3.99,0.54 -3.99,0.06 -4.00,-0.42 -3.89,-0.89 -3.78,-1.36 -3.56,-1.80 -3.35,-2.23 -3.03,-2.60 -2.71,-2.97 -2.32,-3.25 -1.92,-3.53 -1.47,-3.71 -1.02,-3.89 -1.02,-3.89 L -1.02,-3.89 Z"/></g><g transform="translate(266 79) rotate(0 35 -26)" stroke="none"><path fill="#1e1e1e" d="M -0.86,-4.05 Q -0.86,-4.05 3.19,-4.75 7.25,-5.45 11.25,-6.26 15.25,-7.08 21.81,-8.77 28.36,-10.47 33.51,-11.74 38.65,-13.01 42.84,-14.09 47.02,-15.18 50.39,-15.85 53.75,-16.52 57.37,-17.61 61.00,-18.71 64.32,-19.61 67.64,-20.51 69.49,-21.80 71.35,-23.08 73.00,-23.66 74.65,-24.24 75.32,-24.35 75.98,-24.45 76.65,-24.40 77.32,-24.34 77.95,-24.13 78.59,-23.92 79.16,-23.56 79.72,-23.20 80.19,-22.71 80.65,-22.23 80.99,-21.65 81.32,-21.07 81.51,-20.42 81.70,-19.78 81.72,-19.10 81.75,-18.43 81.61,-17.78 81.48,-17.12 81.19,-16.51 80.90,-15.91 80.48,-15.39 80.05,-14.87 79.51,-14.46 78.98,-14.06 78.36,-13.80 77.74,-13.54 74.55,-15.49 71.35,-17.44 67.46,-19.79 63.58,-22.13 55.31,-28.09 47.05,-34.04 39.51,-39.85 31.97,-45.66 26.78,-49.92 21.59,-54.18 17.70,-57.47 13.80,-60.76 11.69,-62.26 9.58,-63.77 8.22,-61.71 6.87,-59.64 5.84,-56.03 4.81,-52.41 3.32,-47.16 1.84,-41.91 1.00,-38.50 0.17,-35.09 -0.00,-32.93 -0.18,-30.77 -0.91,-26.87 -1.65,-22.96 -1.58,-20.35 -1.51,-17.74 -1.36,-15.11 -1.20,-12.48 -0.54,-9.76 0.11,-7.04 0.26,-4.18 0.41,-1.33 0.96,1.06 1.50,3.45 2.43,6.39 3.36,9.33 3.59,12.99 3.83,16.64 3.65,17.73 3.48,18.83 2.97,19.81 2.45,20.79 1.65,21.55 0.86,22.31 -0.14,22.78 -1.14,23.25 -2.24,23.38 -3.33,23.50 -4.41,23.27 -5.50,23.04 -6.45,22.47 -7.40,21.91 -8.12,21.07 -8.83,20.23 -9.25,19.20 -9.66,18.18 -9.73,17.07 -9.79,15.97 -9.50,14.90 -9.21,13.84 -8.60,12.92 -7.98,12.00 -7.10,11.33 -6.23,10.65 -5.18,10.30 -4.13,9.94 -3.03,9.93 -1.92,9.93 -0.87,10.28 0.17,10.62 1.05,11.29 1.93,11.95 2.56,12.87 3.18,13.78 3.48,14.84 3.78,15.91 3.73,17.01 3.67,18.11 3.27,19.14 2.86,20.17 2.15,21.02 1.44,21.86 0.50,22.44 -0.44,23.01 -1.52,23.26 -2.60,23.50 -3.69,23.38 -4.79,23.27 -5.80,22.81 -6.81,22.35 -7.61,21.59 -8.42,20.84 -8.94,19.86 -9.46,18.89 -9.65,17.80 -9.83,16.71 -9.83,16.71 -9.83,16.71 -9.84,14.67 -9.84,12.63 -10.36,10.31 -10.87,8.00 -11.25,5.26 -11.63,2.52 -11.96,-0.81 -12.30,-4.14 -12.20,-6.48 -12.10,-8.82 -12.30,-12.60 -12.51,-16.38 -12.27,-18.76 -12.04,-21.13 -11.25,-24.09 -10.46,-27.05 -9.63,-29.55 -8.79,-32.05 -8.29,-34.51 -7.78,-36.97 -7.00,-40.37 -6.22,-43.77 -5.25,-49.14 -4.29,-54.51 -3.61,-58.30 -2.93,-62.09 -1.40,-66.43 0.13,-70.77 2.46,-72.03 4.80,-73.29 7.22,-72.89 9.64,-72.49 11.93,-70.93 14.23,-69.37 16.05,-67.60 17.88,-65.83 21.89,-62.76 25.90,-59.68 31.19,-55.74 36.49,-51.80 44.15,-46.43 51.81,-41.05 60.37,-35.58 68.93,-30.11 74.87,-25.86 80.81,-21.61 77.73,-22.92 74.65,-24.24 75.32,-24.35 75.98,-24.45 76.65,-24.40 77.32,-24.34 77.95,-24.13 78.59,-23.92 79.16,-23.56 79.72,-23.20 80.19,-22.71 80.65,-22.23 80.99,-21.65 81.32,-21.07 81.51,-20.42 81.70,-19.78 81.72,-19.10 81.75,-18.43 81.61,-17.78 81.48,-17.12 81.19,-16.51 80.90,-15.91 80.48,-15.39 80.05,-14.87 79.51,-14.46 78.98,-14.06 78.36,-13.80 77.74,-13.54 75.81,-13.06 73.88,-12.58 71.56,-11.83 69.24,-11.07 66.82,-10.80 64.41,-10.53 61.72,-10.60 59.04,-10.68 56.89,-10.35 54.74,-10.03 51.67,-9.72 48.61,-9.41 44.43,-8.19 40.26,-6.97 35.20,-5.53 30.14,-4.09 23.51,-2.11 16.88,-0.13 12.86,0.93 8.84,2.00 4.85,3.03 0.86,4.05 0.37,4.10 -0.12,4.14 -0.62,4.07 -1.11,3.99 -1.57,3.80 -2.03,3.61 -2.44,3.31 -2.84,3.02 -3.16,2.63 -3.48,2.25 -3.70,1.80 -3.92,1.35 -4.02,0.86 -4.13,0.37 -4.11,-0.12 -4.10,-0.62 -3.96,-1.10 -3.83,-1.58 -3.58,-2.02 -3.34,-2.46 -2.99,-2.82 -2.65,-3.18 -2.23,-3.46 -1.81,-3.73 -1.34,-3.89 -0.86,-4.05 -0.86,-4.05 L -0.86,-4.05 Z"/></g><g transform="translate(357 22) rotate(0 29.5 13)" stroke="none"><path fill="#1e1e1e" d="M 1.56,-3.81 Q 1.56,-3.81 7.81,-1.04 14.06,1.72 23.01,5.54 31.97,9.37 38.10,12.21 44.23,15.04 47.99,16.83 51.75,18.61 53.83,19.49 55.91,20.36 57.90,21.28 59.89,22.20 60.37,22.57 60.86,22.93 61.21,23.44 61.55,23.94 61.72,24.53 61.88,25.12 61.85,25.73 61.82,26.34 61.60,26.91 61.37,27.47 60.98,27.94 60.59,28.41 60.06,28.73 59.54,29.04 58.95,29.18 58.35,29.31 57.74,29.25 57.14,29.18 56.58,28.93 56.02,28.67 55.58,28.26 55.13,27.84 54.85,27.30 54.56,26.76 54.46,26.16 54.36,25.56 54.45,24.95 54.55,24.35 54.83,23.81 55.12,23.27 55.56,22.85 56.00,22.43 56.55,22.17 57.11,21.91 57.71,21.84 58.32,21.77 58.92,21.90 59.51,22.03 60.04,22.34 60.56,22.65 60.96,23.12 61.36,23.58 61.59,24.15 61.81,24.72 61.85,25.33 61.89,25.94 61.72,26.52 61.56,27.11 61.22,27.62 60.88,28.13 60.40,28.50 59.91,28.87 59.33,29.07 58.76,29.26 58.14,29.27 57.53,29.27 56.95,29.08 56.38,28.88 56.38,28.88 56.38,28.88 52.76,26.57 49.14,24.26 45.39,22.59 41.63,20.92 35.50,18.32 29.37,15.72 20.30,12.17 11.23,8.62 4.83,6.22 -1.56,3.81 -1.99,3.57 -2.43,3.33 -2.79,2.99 -3.15,2.65 -3.43,2.23 -3.70,1.82 -3.86,1.35 -4.03,0.88 -4.07,0.38 -4.12,-0.10 -4.05,-0.59 -3.97,-1.09 -3.79,-1.55 -3.60,-2.01 -3.31,-2.41 -3.01,-2.81 -2.63,-3.13 -2.25,-3.45 -1.80,-3.67 -1.36,-3.89 -0.87,-4.00 -0.39,-4.10 0.10,-4.09 0.60,-4.08 1.08,-3.95 1.56,-3.81 1.56,-3.81 L 1.56,-3.81 Z"/></g><g transform="translate(395 10) rotate(0 -13 21)" stroke="none"><path fill="#1e1e1e" d="M 3.75,2.88 Q 3.75,2.88 0.65,6.45 -2.43,10.02 -4.89,13.18 -7.35,16.34 -9.15,19.33 -10.95,22.32 -12.58,24.94 -14.21,27.55 -16.00,31.08 -17.80,34.61 -19.18,37.63 -20.56,40.64 -21.22,42.00 -21.88,43.35 -22.29,44.10 -22.69,44.85 -23.32,45.43 -23.94,46.02 -24.72,46.37 -25.50,46.72 -26.35,46.80 -27.20,46.89 -28.03,46.70 -28.86,46.51 -29.59,46.06 -30.32,45.61 -30.87,44.96 -31.41,44.30 -31.72,43.50 -32.03,42.71 -32.07,41.86 -32.11,41.00 -31.87,40.18 -31.64,39.36 -31.15,38.66 -30.66,37.96 -29.98,37.45 -29.29,36.94 -28.48,36.67 -27.67,36.40 -26.82,36.41 -25.96,36.42 -25.16,36.70 -24.35,36.98 -23.68,37.50 -23.00,38.03 -22.53,38.74 -22.05,39.45 -21.83,40.27 -21.61,41.10 -21.67,41.95 -21.72,42.80 -22.04,43.59 -22.37,44.38 -22.93,45.03 -23.49,45.67 -24.22,46.11 -24.96,46.54 -25.79,46.72 -26.63,46.89 -27.48,46.79 -28.32,46.69 -29.10,46.33 -29.87,45.96 -30.48,45.37 -31.10,44.78 -31.49,44.02 -31.88,43.26 -32.01,42.42 -32.14,41.57 -32.00,40.73 -31.85,39.89 -31.85,39.89 -31.85,39.89 -30.95,38.10 -30.05,36.31 -28.64,33.76 -27.23,31.21 -25.29,29.19 -23.35,27.18 -22.11,25.14 -20.88,23.10 -19.19,20.75 -17.51,18.41 -15.57,15.13 -13.63,11.85 -11.35,8.38 -9.06,4.92 -6.40,1.02 -3.75,-2.88 -3.35,-3.29 -2.95,-3.69 -2.46,-3.99 -1.98,-4.29 -1.43,-4.47 -0.89,-4.64 -0.32,-4.68 0.24,-4.72 0.80,-4.62 1.36,-4.52 1.88,-4.30 2.41,-4.07 2.86,-3.72 3.31,-3.37 3.67,-2.92 4.02,-2.48 4.26,-1.96 4.50,-1.44 4.61,-0.88 4.72,-0.32 4.69,0.24 4.66,0.81 4.49,1.35 4.33,1.90 4.04,2.39 3.75,2.88 3.75,2.88 L 3.75,2.88 Z"/></g><g transform="translate(282 120) rotate(0 84 -23.5)" stroke="none"><path fill="#1e1e1e" d="M -0.77,-3.50 Q -0.77,-3.50 9.59,-5.67 19.97,-7.85 31.79,-11.01 43.61,-14.18 52.65,-16.93 61.69,-19.67 70.42,-22.54 79.15,-25.41 85.47,-27.49 91.78,-29.56 96.51,-31.01 101.23,-32.46 105.49,-33.92 109.76,-35.38 112.85,-36.25 115.95,-37.12 118.62,-37.86 121.29,-38.61 125.00,-39.73 128.72,-40.86 131.00,-41.25 133.28,-41.63 135.75,-41.93 138.22,-42.23 140.48,-42.85 142.74,-43.46 145.37,-44.66 148.01,-45.86 150.94,-46.93 153.88,-48.01 156.34,-49.03 158.80,-50.06 161.10,-50.53 163.40,-51.01 163.65,-51.52 163.90,-52.02 164.84,-52.49 165.78,-52.96 166.81,-53.10 167.85,-53.25 168.88,-53.05 169.91,-52.86 170.82,-52.35 171.74,-51.83 172.44,-51.06 173.14,-50.28 173.55,-49.32 173.97,-48.36 174.06,-47.31 174.15,-46.27 173.90,-45.25 173.65,-44.24 173.08,-43.35 172.52,-42.47 171.71,-41.81 170.89,-41.15 169.91,-40.79 168.93,-40.42 167.88,-40.39 166.84,-40.36 165.83,-40.67 164.83,-40.97 163.98,-41.58 163.13,-42.19 162.52,-43.04 161.90,-43.89 161.59,-44.89 161.28,-45.89 161.31,-46.93 161.33,-47.98 161.69,-48.96 162.05,-49.95 162.71,-50.77 163.36,-51.58 164.24,-52.15 165.12,-52.72 166.14,-52.97 167.15,-53.23 168.20,-53.14 169.24,-53.06 170.20,-52.65 171.17,-52.24 171.95,-51.54 172.73,-50.84 173.25,-49.93 173.76,-49.02 173.96,-48.00 174.16,-46.97 174.02,-45.93 173.89,-44.89 173.42,-43.95 172.96,-43.01 172.22,-42.27 171.48,-41.53 171.48,-41.53 171.48,-41.53 167.61,-39.99 163.73,-38.46 161.05,-37.49 158.36,-36.52 155.50,-35.63 152.65,-34.74 149.96,-33.86 147.28,-32.97 143.95,-32.31 140.61,-31.64 137.82,-31.87 135.03,-32.10 132.37,-32.29 129.71,-32.47 126.21,-32.11 122.71,-31.74 119.98,-31.37 117.25,-31.00 114.39,-30.61 111.54,-30.22 107.21,-28.70 102.89,-27.18 98.23,-25.69 93.57,-24.20 87.28,-22.06 80.99,-19.92 72.23,-16.93 63.48,-13.95 54.38,-11.03 45.28,-8.12 33.35,-4.73 21.42,-1.34 11.10,1.07 0.77,3.50 0.34,3.54 -0.08,3.59 -0.51,3.52 -0.93,3.46 -1.34,3.30 -1.74,3.14 -2.09,2.88 -2.44,2.63 -2.72,2.30 -3.00,1.97 -3.19,1.58 -3.38,1.19 -3.48,0.77 -3.57,0.35 -3.56,-0.08 -3.55,-0.51 -3.44,-0.93 -3.32,-1.35 -3.11,-1.72 -2.90,-2.10 -2.61,-2.42 -2.31,-2.74 -1.95,-2.98 -1.59,-3.21 -1.18,-3.36 -0.77,-3.50 -0.77,-3.50 L -0.77,-3.50 Z"/></g><g transform="translate(309 203) rotate(0 30.5 -24.5)" stroke="none"><path fill="#1e1e1e" d="M -3.89,-0.51 Q -3.89,-0.51 -3.15,-4.81 -2.40,-9.10 -0.84,-15.10 0.70,-21.11 2.56,-26.83 4.42,-32.56 6.09,-37.81 7.76,-43.07 9.96,-48.56 12.17,-54.06 13.67,-58.04 15.16,-62.02 15.53,-64.26 15.89,-66.50 16.67,-69.42 17.45,-72.34 18.52,-75.10 19.59,-77.87 20.00,-79.97 20.40,-82.06 22.30,-84.40 24.20,-86.74 28.32,-85.95 32.43,-85.16 34.55,-81.02 36.66,-76.88 37.93,-72.32 39.19,-67.75 40.21,-62.52 41.22,-57.29 41.98,-53.70 42.75,-50.12 43.23,-47.29 43.71,-44.46 44.59,-40.75 45.47,-37.03 46.39,-34.37 47.32,-31.70 48.72,-28.48 50.11,-25.26 51.18,-22.08 52.25,-18.91 53.86,-16.39 55.47,-13.87 55.87,-11.40 56.28,-8.94 56.38,-6.67 56.48,-4.41 57.76,-0.43 59.04,3.53 59.99,6.21 60.93,8.90 61.69,10.95 62.45,13.01 63.85,16.20 65.24,19.39 66.00,21.38 66.75,23.37 67.06,25.71 67.37,28.05 66.60,30.03 65.83,32.02 64.19,33.95 62.55,35.88 57.41,36.96 52.28,38.05 48.01,37.98 43.75,37.91 39.33,37.47 34.91,37.04 30.76,36.45 26.60,35.87 24.08,35.82 21.55,35.76 18.95,35.89 16.34,36.03 12.92,36.14 9.51,36.25 8.67,36.11 7.83,35.97 7.08,35.57 6.33,35.17 5.74,34.56 5.16,33.94 4.81,33.16 4.45,32.39 4.36,31.54 4.27,30.70 4.46,29.87 4.64,29.04 5.08,28.31 5.52,27.58 6.17,27.03 6.82,26.48 7.61,26.17 8.40,25.86 9.25,25.81 10.10,25.77 10.92,26.00 11.74,26.23 12.44,26.71 13.14,27.19 13.66,27.87 14.17,28.55 14.44,29.35 14.71,30.16 14.71,31.01 14.71,31.86 14.43,32.67 14.16,33.47 13.64,34.15 13.13,34.82 12.42,35.30 11.71,35.77 10.89,36.00 10.07,36.22 9.22,36.18 8.38,36.13 7.59,35.81 6.80,35.49 6.15,34.94 5.50,34.39 5.07,33.66 4.63,32.93 4.45,32.10 4.27,31.27 4.36,30.42 4.46,29.58 4.82,28.81 5.18,28.03 5.76,27.42 6.35,26.80 7.10,26.41 7.85,26.01 8.69,25.87 9.53,25.74 9.53,25.74 9.53,25.74 13.07,25.89 16.60,26.04 19.33,26.35 22.07,26.66 24.70,26.89 27.34,27.13 31.28,27.23 35.21,27.33 38.99,27.14 42.78,26.96 48.70,26.27 54.63,25.58 54.01,23.38 53.39,21.18 51.68,17.18 49.97,13.18 48.82,10.52 47.67,7.86 46.31,4.71 44.95,1.56 44.23,-1.35 43.50,-4.27 43.92,-6.91 44.33,-9.56 43.25,-11.60 42.17,-13.64 41.56,-15.95 40.94,-18.27 39.92,-21.27 38.90,-24.27 37.75,-28.25 36.59,-32.22 36.27,-35.60 35.94,-38.98 35.61,-41.18 35.28,-43.38 35.08,-45.86 34.88,-48.34 34.04,-51.83 33.20,-55.33 31.80,-59.98 30.40,-64.64 29.40,-70.13 28.41,-75.63 26.70,-72.57 25.00,-69.52 23.62,-67.13 22.25,-64.74 21.36,-62.41 20.46,-60.08 19.01,-56.01 17.56,-51.95 15.53,-46.64 13.49,-41.32 11.95,-36.02 10.42,-30.72 8.79,-25.14 7.17,-19.57 5.93,-13.85 4.70,-8.14 4.30,-3.81 3.89,0.51 3.78,0.97 3.66,1.43 3.43,1.85 3.21,2.27 2.89,2.62 2.57,2.97 2.18,3.23 1.78,3.50 1.34,3.66 0.89,3.83 0.42,3.88 -0.04,3.93 -0.51,3.87 -0.98,3.80 -1.42,3.63 -1.86,3.46 -2.25,3.18 -2.64,2.91 -2.95,2.55 -3.26,2.19 -3.47,1.77 -3.69,1.35 -3.80,0.88 -3.91,0.42 -3.90,-0.04 -3.89,-0.52 -3.89,-0.52 L -3.89,-0.51 Z"/></g><g transform="translate(389 126) rotate(0 13 29.5)" stroke="none"><path fill="#1e1e1e" d="M 3.54,-1.77 Q 3.54,-1.77 5.02,1.08 6.50,3.93 8.70,9.34 10.90,14.74 12.93,19.94 14.96,25.14 16.94,30.55 18.92,35.96 20.58,40.25 22.24,44.53 23.87,47.65 25.49,50.77 27.01,53.49 28.53,56.21 28.70,56.75 28.86,57.30 28.85,57.86 28.83,58.43 28.63,58.96 28.44,59.49 28.08,59.94 27.73,60.38 27.25,60.68 26.77,60.99 26.22,61.12 25.67,61.26 25.10,61.21 24.54,61.17 24.01,60.94 23.49,60.72 23.07,60.34 22.65,59.96 22.37,59.46 22.09,58.97 21.99,58.41 21.88,57.85 21.96,57.29 22.04,56.73 22.29,56.22 22.54,55.71 22.94,55.31 23.35,54.91 23.85,54.66 24.36,54.41 24.92,54.33 25.49,54.26 26.04,54.37 26.60,54.47 27.09,54.75 27.59,55.03 27.97,55.46 28.35,55.88 28.57,56.40 28.79,56.92 28.84,57.49 28.88,58.05 28.74,58.61 28.61,59.16 28.30,59.63 27.99,60.11 27.55,60.47 27.11,60.82 26.57,61.02 26.04,61.21 25.47,61.22 24.91,61.24 24.37,61.07 23.82,60.90 23.36,60.57 22.90,60.24 22.57,59.78 22.24,59.32 22.24,59.32 22.24,59.32 21.00,56.46 19.76,53.59 18.19,50.20 16.62,46.81 14.80,42.54 12.98,38.26 10.84,33.01 8.70,27.76 6.44,22.75 4.18,17.73 1.71,12.65 -0.75,7.56 -2.15,4.66 -3.54,1.77 -3.71,1.32 -3.87,0.87 -3.91,0.39 -3.96,-0.07 -3.90,-0.55 -3.83,-1.02 -3.65,-1.46 -3.47,-1.91 -3.19,-2.30 -2.91,-2.68 -2.55,-2.99 -2.18,-3.30 -1.76,-3.52 -1.33,-3.73 -0.86,-3.84 -0.40,-3.94 0.07,-3.93 0.55,-3.92 1.01,-3.80 1.48,-3.68 1.89,-3.45 2.31,-3.22 2.67,-2.89 3.02,-2.57 3.28,-2.17 3.54,-1.77 3.54,-1.77 L 3.54,-1.77 Z"/></g><g transform="translate(368 173) rotate(0 28 -18)" stroke="none"><path fill="#1e1e1e" d="M -2.14,-3.86 Q -2.14,-3.86 0.42,-5.33 2.99,-6.80 6.79,-8.64 10.59,-10.48 13.47,-12.38 16.35,-14.29 19.37,-16.28 22.39,-18.27 25.40,-20.26 28.41,-22.25 30.74,-24.01 33.07,-25.77 35.85,-27.68 38.62,-29.59 40.59,-31.07 42.57,-32.55 44.70,-34.24 46.84,-35.93 49.54,-37.80 52.24,-39.67 52.96,-40.11 53.69,-40.55 54.51,-40.73 55.34,-40.92 56.18,-40.83 57.02,-40.74 57.79,-40.39 58.56,-40.04 59.18,-39.45 59.80,-38.87 60.20,-38.13 60.60,-37.38 60.74,-36.54 60.88,-35.71 60.74,-34.87 60.61,-34.04 60.21,-33.29 59.82,-32.54 59.21,-31.95 58.59,-31.37 57.82,-31.01 57.06,-30.65 56.22,-30.56 55.37,-30.46 54.55,-30.64 53.72,-30.82 52.99,-31.26 52.26,-31.69 51.71,-32.33 51.16,-32.98 50.85,-33.76 50.53,-34.55 50.48,-35.40 50.43,-36.24 50.66,-37.06 50.88,-37.88 51.35,-38.58 51.83,-39.28 52.50,-39.80 53.17,-40.31 53.98,-40.58 54.78,-40.86 55.62,-40.86 56.47,-40.86 57.28,-40.59 58.08,-40.33 58.75,-39.81 59.43,-39.30 59.91,-38.60 60.39,-37.90 60.62,-37.09 60.84,-36.27 60.80,-35.43 60.76,-34.58 60.45,-33.79 60.14,-33.01 59.59,-32.36 59.04,-31.71 59.04,-31.71 59.04,-31.71 55.77,-29.91 52.49,-28.11 49.95,-26.74 47.41,-25.38 45.32,-24.11 43.22,-22.85 40.48,-21.00 37.75,-19.15 35.23,-17.49 32.71,-15.82 29.72,-13.80 26.73,-11.78 23.74,-9.75 20.76,-7.73 17.63,-5.59 14.50,-3.45 10.93,-1.20 7.35,1.05 4.75,2.45 2.14,3.86 1.65,4.06 1.15,4.26 0.63,4.34 0.10,4.41 -0.42,4.36 -0.95,4.31 -1.45,4.13 -1.96,3.96 -2.40,3.67 -2.85,3.37 -3.21,2.98 -3.57,2.59 -3.83,2.13 -4.09,1.66 -4.23,1.15 -4.37,0.63 -4.38,0.10 -4.40,-0.42 -4.28,-0.94 -4.16,-1.46 -3.93,-1.94 -3.69,-2.42 -3.35,-2.83 -3.00,-3.23 -2.57,-3.55 -2.14,-3.86 -2.14,-3.86 L -2.14,-3.86 Z"/></g></svg>