active 3
playing 3
playlist 0
position 31
shuffle 37,36,41,72,75,46,49,31
resume-state 1
resume-time 0
playlist 1
position 906
shuffle 465,490,495,493,7,29,31,398,420,449,450,497,513,514,515,516
shuffle 517,423,402,401,397,396,395,394,393,392,391,386,384,365,360,327
shuffle 310,311,302,303,290,288,287,223,222,158,151,147,132,130,129,117
shuffle 698,347,321,661,134,79,88,971,659,689,975,935,937,932,939,945
shuffle 950,974,951,977,978,982,983,984,985,1003,1004,1005,1007,1010,1016,1017
shuffle 1020,1022,1024,613,1018,19,888,167,494,512,58,908,907,906
resume-state 1
resume-time 29114
playlist 2
position 2
shuffle 0,1,2
resume-state 1
resume-time 16663
playlist 3
position 12
shuffle 0,14,15,16,20,19,18,31,32,7,27,13,12
resume-state 2
resume-time 32904
playlist 4
position 3
shuffle 0,3
resume-state 1
resume-time 240468
